705120.000 1207191.000
306183.000 3912722.000
1299016.000 3989771.000
1637121.000 3687754.000
51706.000 3882701.000
1976342.000 749110.000
2912037.000 1626174.000
2501945.000 278836.000
2212977.000 1044857.000
26142.000 1219823.000
882657.000 3891728.000
2019827.000 261929.000
2331263.000 2586213.000
1497806.000 3925648.000
234288.000 2918343.000
2932626.000 3184768.000
2503784.000 1703558.000
1884202.000 2761465.000
2566594.000 2115019.000
1434115.000 1648329.000
1835748.000 3244507.000
976716.000 223093.000
2339343.000 1238901.000
710782.000 201537.000
647314.000 2274452.000
2765670.000 3470635.000
1372210.000 1424342.000
895610.000 543526.000
680637.000 62205.000
1756878.000 1222182.000
113619.000 247187.000
1059449.000 3758988.000
1264398.000 1527267.000
1818043.000 208229.000
2760835.000 2876454.000
854881.000 1476393.000
2882233.000 2350300.000
2387209.000 742614.000
2054960.000 93769.000
246282.000 3044248.000
2166531.000 316730.000
1612106.000 1067831.000
1709282.000 3787330.000
1803257.000 1797735.000
762235.000 2768480.000
1881018.000 371010.000
2186063.000 121047.000
2568540.000 3520502.000
2021365.000 3969054.000
144092.000 2166384.000
