0.000 0.000 202258.000 1688091.000 0.000 3000000.000
0.000 0.000 202258.000 1688091.000 67217.000 1593779.000
67217.000 1593779.000 202258.000 1688091.000 0.000 3000000.000
0.000 0.000 640053.000 1766609.000 202258.000 1688091.000
202258.000 1688091.000 640053.000 1766609.000 0.000 3000000.000
904983.000 598372.000 1529353.000 1110339.000 640053.000 1766609.000
640053.000 1766609.000 1529353.000 1110339.000 0.000 3000000.000
0.000 0.000 1849251.000 773944.000 904983.000 598372.000
904983.000 598372.000 1849251.000 773944.000 1529353.000 1110339.000
1529353.000 1110339.000 1849251.000 773944.000 1820054.000 2888290.000
0.000 0.000 4000000.000 0.000 1849251.000 773944.000
1849251.000 773944.000 4000000.000 0.000 3306210.000 1626402.000
4000000.000 0.000 4000000.000 3000000.000 3306210.000 1626402.000
3306210.000 1626402.000 4000000.000 3000000.000 1820054.000 2888290.000
1820054.000 2888290.000 4000000.000 3000000.000 0.000 3000000.000
